0 0 30 30 10 10 20 20
5 8 15 14 10 11 15 14
8 25 23 19
11.916712 11.016884 11.328526 15.757432 11.916712 11.016884 11.328526 15.757432
9.018364 5.310444 22.3006 23.460196 12.450245 10 19.768383 20
7.4999084 22.866873 24.707848 22.083317
20.358738 20.831604 8.50398 21.179277
10.958586 17.049988 5.911638 22.268036 10.958586 17.049988 10 18.04107
7.5520306 23.027191 12.337973 24.773993
12.518607 8.762353 16.39841 18.03678 13.036356 10 16.39841 18.03678
7.8223095 12.562597 9.308304 21.127504
11.64732 21.12019 9.424525 10.159498 11.420149 20 10 12.997188
14.691122 16.009184 20.338694 6.6711187 14.691122 16.009184 18.325418 10
17.935396 13.821545 5.4350257 6.169031 17.935396 13.821545 11.692909 10
18.385313 10.050662 19.423695 13.187001 18.385313 10.050662 19.423695 13.187001
11.762378 18.386045 18.809317 22.671354 11.762378 18.386045 14.416431 20
7.03034 7.12155 13.513082 13.88952 10 10.221869 13.513082 13.88952
23.678911 11.554533 8.238825 5.256011 20 10.053783 19.868156 10
13.912033 9.263822 20.637886 19.937311 14.375933 10 20 18.925028
18.558567 8.580345 15.435998 24.238548 18.27546 10 16.281252 20
16.407078 23.34448 11.488155 19.949402 11.561464 20 11.488155 19.949402
21.711296 24.240519 9.332641 18.730486 12.184689 20 10 19.027544
22.592165 11.1689415 11.3886795 7.467945 20 10.312637 19.0536 10
14.33866 8.2114105 11.274401 14.436264 13.458205 10 11.274401 14.436264
18.75328 11.636949 19.097164 9.52577 18.75328 11.636949 19.019918 10
12.607108 20.535006 11.480588 8.136589 12.558497 20 11.649898 10
12.770359 20.082684 17.759087 13.671575 12.834699 20 17.759087 13.671575
18.183659 10.497714 12.610463 14.804968 18.183659 10.497714 12.610463 14.804968
19.614664 20.185146 21.779922 13.417897 19.673904 20 20 18.980825
11.89789 23.859915 5.960059 7.7898207 10.471668 20 10 18.72348
22.78891 19.782597 16.297354 17.50997 20 18.806229 16.297354 17.50997
5.1658545 5.7708797 15.917351 10.700623 14.389332 10 15.917351 10.700623
22.98942 11.201622 6.184031 11.921619 20 11.329699 10 11.758131
14.483181 10.910228 16.63144 20.872074 14.483181 10.910228 16.443378 20
16.863894 8.351566 12.179043 6.6286135
11.481433 20.661066 5.5468273 17.094452 10.381464 20 10 19.770746
23.558477 21.583712 12.853281 19.153515 16.582111 20 12.853281 19.153515
11.431488 22.856504 7.538374 19.893366
10.676889 16.307343 11.73686 17.824512 10.676889 16.307343 11.73686 17.824512
9.237652 18.97062 7.9707346 11.999479
9.165331 12.058464 15.682154 11.982037 10 12.048676 15.682154 11.982037
9.313683 5.6888433 5.3217874 13.704436
8.553706 5.907849 21.554005 8.546324
16.68087 24.331446 21.308388 7.127843 17.845966 20 20 11.992003
19.235767 24.202902 18.951492 8.582143 19.15928 20 18.977295 9.999999
17.917599 21.763836 24.269135 5.1329165 18.591228 20 20 16.311256
8.663248 11.290665 6.24473 23.175838
24.173368 23.806927 16.634422 22.893274
5.3808327 5.179564 22.463282 24.42297 10 10.383063 18.536995 20
9.978912 18.56479 12.780768 22.869635 10 18.59719 10.913034 20
21.261925 24.148844 15.599808 10.52364 19.537823 20 15.599808 10.52364
6.3025007 23.99205 8.212495 11.345444
19.998955 9.609017 23.588745 10.034749
5.019127 24.388592 19.081879 12.401495 10.167636 20 19.081879 12.401495
12.789329 15.549237 8.3187895 23.023018 12.789329 15.549237 10.127047 20
24.444113 7.1459494 14.531069 9.7467785
14.273426 23.660728 8.165491 16.501308 11.150339 20 10 18.65163
6.868164 21.885418 22.14893 5.670978 10 18.562223 18.069185 10
16.422134 21.081856 12.320219 18.768757 14.503634 20 12.320219 18.768757
11.164028 18.745495 23.830416 9.671197 11.164028 18.745495 20 12.415337
8.078171 19.899286 8.176884 19.56435
5.2181826 11.599673 22.874147 5.9922414 10 10.080996 10.255029 10
11.097684 15.061788 16.63364 19.429676 11.097684 15.061788 16.63364 19.429676
15.246 14.7577505 23.425522 19.115974 15.246 14.7577505 20 17.290783
14.617775 10.853029 21.250214 7.6417713 14.617775 10.853029 16.379597 10
20.826561 16.711187 9.47728 23.113537 20 17.177467 14.996567 20
12.460087 22.917767 18.612614 8.937271 13.744136 20 18.144928 9.999999
17.06837 5.3131247 6.237466 19.043833 13.371322 10 10 14.27394
16.718822 23.647593 19.944847 9.5448265 17.553213 20 19.840725 9.999999
23.969067 19.966719 9.528597 7.6737533 20 16.58791 12.261224 10
5.7865815 7.1732492 10.403624 16.806377 10 15.964246 10.403624 16.806377
10.251778 7.7192545 15.424977 6.664384
22.656334 18.204245 9.150981 5.311 20 15.668304 14.0625925 10.000001
22.495283 21.188644 13.844637 16.366983 20 19.797834 13.844637 16.366983
15.422006 10.063347 12.104263 7.300416 15.422006 10.063347 15.345939 10
17.987059 18.936878 13.923869 10.784559 17.987059 18.936878 13.923869 10.784559
13.824321 22.589808 7.710854 16.598408 11.181749 20 10 18.841846
19.812902 18.880695 20.146908 19.651056 19.812902 18.880695 20 19.312223
6.3244324 18.57646 6.85519 18.65331
11.307564 17.670902 17.86176 9.740833 11.307564 17.670902 17.647558 10
12.49279 16.94823 11.280935 23.864128 12.49279 16.94823 11.958036 20
21.162144 5.926466 21.54855 20.530178
14.802956 8.577865 19.122822 18.90572 15.397797 10 19.122822 18.90572
12.862455 7.228181 14.686695 11.849705 13.956567 10 14.686695 11.849705
18.24938 24.619064 7.9820557 12.66197 14.283079 20 10 15.012022
5.0084004 23.826569 11.851481 8.7756405 10 12.847857 11.294813 9.999999
23.057335 14.499925 23.986568 8.918823
19.333454 20.191326 10.05942 22.751102
17.201588 7.36343 19.807625 6.0388274
12.655941 15.059742 14.622416 12.897855 12.655941 15.059742 14.622416 12.897855
6.0412574 12.180677 6.795452 16.235037
24.757874 6.24119 11.7886 24.09625 20 12.7914505 14.763969 20
8.889765 20.005486 5.4039307 11.688499
14.688848 10.199789 9.732433 13.666221 14.688848 10.199789 10 13.479089
10.09675 7.5052958 5.8067923 11.662219
6.9398985 17.629726 6.196722 19.61163
23.518446 21.371717 6.704131 10.499025 20 19.096575 10 12.630244
12.420555 13.647867 24.193764 8.189638 12.420555 13.647867 20 10.133927
14.996649 20.084202 11.620712 17.827723 14.870674 20 11.620712 17.827723
22.031116 20.616444 9.017767 21.816145
